Title,Quantity,Price,Rating,TotalRating
Dr Ortho an Ayurvedic Medicine Oil,bottle of 120 ml Oil,₹236,4.2,2116 ratings
Title,Quantity,Price,Rating,TotalRating
SBL Tonicard Gold Drop Homeopathic Medicine,bottle of 100 ml Drop,₹352,4.7,472 ratings
Title,Quantity,Price,Rating,TotalRating
Kayam Tablet,bottle of 30 tablets,₹107,4.5,1162 ratings
Title,Quantity,Price,Rating,TotalRating
ADEL Diacard Gold Madaus Drop Homeopathic Medicine,bottle of 25 ml Drop,₹506,4.6,236 ratings
Title,Quantity,Price,Rating,TotalRating
Dr. Reckeweg R40 Diabetes Drop Homeopathic Medicine,bottle of 22 ml Drop,₹243,4.6,329 ratings
Title,Quantity,Price,Rating,TotalRating
Shelcal 500 Tablet,strip of 15 tablets,₹102,4.5,6719 ratings
Title,Quantity,Price,Rating,TotalRating
Baidyanath Arjunarista,bottle of 450 ml Liquid,₹125,4.2,416 ratings
Title,Quantity,Price,Rating,TotalRating
Limcee Chewable Tablet Orange,strip of 15 Chewable Tablets,₹22,4.6,11118 ratings
Title,Quantity,Price,Rating,TotalRating
Vicco Vajradanti Ayurvedic Medicine for Gums and Teeth Regular,tube of 200 gm Toothpaste,₹124,4.6,1413 ratings
Title,Quantity,Price,Rating,TotalRating
Dr. Reckeweg Kali Phosphoricum Biochemic Tablet 6X,bottle of 20 gm Biochemic Tablet,₹167,4.6,324 ratings
Title,Quantity,Price,Rating,TotalRating
Zandu Hair Growth Vitalizer Capsule,bottle of 60 capsules,₹373,None,None
Title,Quantity,Price,Rating,TotalRating
Dr. Reckeweg R89 Hair Care Drop,bottle of 30 ml Drop,₹279,4.2,848 ratings
Title,Quantity,Price,Rating,TotalRating
Hamdard Roghan Badam Shirin Oil,bottle of 100 ml Oil,₹404,4.5,1329 ratings
Title,Quantity,Price,Rating,TotalRating
Dr. Reckeweg R41 Sexual Neurasthenia Drop,bottle of 22 ml Drop,₹224,4,693 ratings
Title,Quantity,Price,Rating,TotalRating
Zandu StriVeda Satavari Lactation Supplement,jar of 210 gm Powder,₹237,4.2,71 ratings
Title,Quantity,Price,Rating,TotalRating
SBL Bio-Combination 6 Tablet,bottle of 25 gm Biocombination Tablet,₹95,4.7,365 ratings
Title,Quantity,Price,Rating,TotalRating
SBL Stobal Cough Syrup,bottle of 180 ml Syrup,₹133,4.6,797 ratings
Title,Quantity,Price,Rating,TotalRating
Dr Ortho an Ayurvedic Medicine Oil,bottle of 60 ml Oil,₹126,4.2,2116 ratings
Title,Quantity,Price,Rating,TotalRating
Sandu Arjunarishta,bottle of 450 ml Liquid,₹178,4.6,16 ratings
Title,Quantity,Price,Rating,TotalRating
Fertisure M Nutraceutical Tablet,strip of 10 tablets,₹275,4.3,160 ratings
Title,Quantity,Price,Rating,TotalRating
Dr. Reckeweg Berberis Vul Mother Tincture Q,bottle of 20 ml Mother Tincture,₹230,4.5,457 ratings
Title,Quantity,Price,Rating,TotalRating
Dr. Reckeweg Calcarea Phosphorica Biochemic Tablet 6X,bottle of 20 gm Biochemic Tablet,₹167,4.7,584 ratings
Title,Quantity,Price,Rating,TotalRating
Kayam Churna,bottle of 50 gm Churna,₹50,4.4,629 ratings
Title,Quantity,Price,Rating,TotalRating
SBL Berberis Aquifolium Gel,tube of 25 gm Gel,₹59,4.2,501 ratings
Title,Quantity,Price,Rating,TotalRating
SBL Nux Vomica Dilution 30 CH,bottle of 30 ml Dilution,₹83,4.6,1318 ratings
Title,Quantity,Price,Rating,TotalRating
Hamdard Sualin,bottle of 60 tablets,₹59,4.5,891 ratings
Title,Quantity,Price,Rating,TotalRating
Baidyanath Khadirarishta,bottle of 450 ml Liquid,₹119,4.3,217 ratings
Title,Quantity,Price,Rating,TotalRating
SBL Clearstone Drop,bottle of 30 ml Drop,₹125,4.4,587 ratings
Title,Quantity,Price,Rating,TotalRating
Dr Willmar Schwabe India Damiaplant Drop,bottle of 30 ml Drop,₹360,3.9,420 ratings
Title,Quantity,Price,Rating,TotalRating
SBL Berberis Vulgaris Mother Tincture Q,bottle of 30 ml Mother Tincture,₹81,4.6,490 ratings
Title,Quantity,Price,Rating,TotalRating
Sandu Abhayarishta,bottle of 450 ml Liquid,₹191,4.1,24 ratings
Title,Quantity,Price,Rating,TotalRating
SBL Kali Phosphoricum Biochemic Tablet 6X,bottle of 25 gm Biochemic Tablet,₹88,4.6,643 ratings
Title,Quantity,Price,Rating,TotalRating
SBL Arsenicum Album Dilution 30 CH,bottle of 30 ml Dilution,₹86,4.6,690 ratings
Title,Quantity,Price,Rating,TotalRating
SBL Calcarea Fluorica Biochemic Tablet 6X,bottle of 25 gm Biochemic Tablet,₹90,4.5,698 ratings
Title,Quantity,Price,Rating,TotalRating
SBL Calcarea Phosphorica Biochemic Tablet 6X,bottle of 25 gm Biochemic Tablet,₹92,4.6,534 ratings
Title,Quantity,Price,Rating,TotalRating
Hapdco Aqui Plus Cream,tube of 25 gm Cream,₹102,4.4,321 ratings
Title,Quantity,Price,Rating,TotalRating
Dr Willmar Schwabe India Cydonia Vulgaris Dilution 30 CH,bottle of 30 ml Dilution,₹75,4,325 ratings
Title,Quantity,Price,Rating,TotalRating
Dr. Reckeweg Arsenicum Album 30 CH Dilution,bottle of 11 ml Dilution,MRP₹135,4.7,249 ratings
Title,Quantity,Price,Rating,TotalRating
SBL Belladonna Dilution 30 CH,bottle of 30 ml Dilution,₹86,4.6,618 ratings
Title,Quantity,Price,Rating,TotalRating
Bhargava Spondin Drop,bottle of 30 ml Drop,₹153,4.6,714 ratings
